Group,Excellent ratio,Good ratio,Pass ratio,Fail ratio
0,0.20983823020572018,0.3575505408016788,0.2517374426274425,0.1808737863651585
1,0.19897581530746217,0.2823143643970404,0.3700444642156269,0.14866535607987066
2,0.2073389312723238,0.2955336544786683,0.300179410291701,0.19694800395730688
3,0.24742573839618487,0.3117969699338662,0.3378076407831048,0.1029696508868441
4,0.17252025547866776,0.38820619328886813,0.227018058254401,0.21225549297806307
5,0.1788243241835815,0.27247340244581464,0.3862012125024537,0.1625010608681502
6,0.20189601103005791,0.3043055501421602,0.36150943921638157,0.1322889996114003
7,0.18297486272619895,0.2602099195564131,0.4226741875043946,0.13414103021299337
8,0.151488297301123,0.16551547946152842,0.5796290355847331,0.10336718765261549
9,0.16030222958912327,0.2647734789835761,0.38695825891137453,0.18796603251592614
10,0.09696319846324589,0.18371081522853994,0.45693837343425514,0.2623876128739589
11,0.15260202361141098,0.24848237054908773,0.4149044461370429,0.18401115970245846
12,0.23197555512837567,0.25109168349309696,0.4741066631184486,0.04282609826007875
13,0.1644855577305902,0.2742746948730023,0.3609916241005023,0.20024812329590524
14,0.3544761691576764,0.39747466984396274,0.19424827555347146,0.0538008854448893
15,0.18620372419766773,0.2533165846112802,0.43969167476047516,0.12078801643057693
16,0.25338553508251555,0.27856382875409275,0.42728847836067196,0.0407621578027198
17,0.17147677640439138,0.241312779478799,0.4315334592397912,0.1556769848770184
18,0.17883207394998218,0.18691524631194034,0.5818501061966993,0.05240257354137816
19,0.16939487689391794,0.2514713837578751,0.43756103741049235,0.14157270193771457
20,0.20847426290064486,0.31314508783705064,0.3433956243593952,0.1349850249029093
21,0.18493050267966207,0.25812738881825575,0.4386960570978632,0.11824605140421897
22,0.2257763094467981,0.4149729645647561,0.25437462876582834,0.1048760972226175
23,0.17473305643742867,0.27412789680923066,0.42123793015472555,0.129901116598615
24,0.15207395228728057,0.43377197181541066,0.17144637731121126,0.24270769858609748
25,0.18498270038261577,0.27895091649806925,0.399070412547573,0.136995970571742
26,0.3323304634184335,0.41843344711945285,0.1848510351757993,0.06438505428631439
27,0.18226987887265217,0.26463147105124873,0.3717285138776414,0.18137013619845768
28,0.33384567262812403,0.41724732343803916,0.18461998546316694,0.06428701847066988
29,0.1904025024117919,0.2722613835119623,0.43834949067627876,0.09898662339996706
30,0.20656670578098343,0.24984449933389058,0.45637114191290484,0.0872176529722211
31,0.193945795817701,0.2992675850184963,0.3445910385399627,0.16219558062384004
32,0.0791265102286156,0.10010088887866274,0.7715684721139465,0.0492041287787751
33,0.18000044526568978,0.2994295908561817,0.3761736806658636,0.1443962832122649
34,0.08062299907376634,0.10455725894737958,0.7586383953420917,0.05618134663676241
35,0.19671421107031273,0.29172626698826687,0.3898517087609879,0.1217078131804325
36,0.21481696375465226,0.24666985043882747,0.4205635965414335,0.11794958926508675
37,0.1701714211359732,0.25875001493673894,0.4396128713549431,0.13146569257234472
38,0.16916980498468098,0.16927286869789462,0.5950890529772549,0.06646827334016954
39,0.18608319076039093,0.30526052716811525,0.3502423633265288,0.15841391874496497
40,0.4323269651891494,0.2555562990143379,0.2782354807936459,0.033881255002866824
41,0.18261613941410176,0.2648577413888102,0.4049494663563774,0.1475766528407106
42,0.18956361066679794,0.2399516069335099,0.48192714585988644,0.08855763653980574
43,0.1667856222778297,0.25840197902686124,0.4116556917382337,0.16315670695707535
44,0.12904354606477708,0.22275153385280738,0.4204192793612121,0.2277856407212034
45,0.17154151836777703,0.24821009773300706,0.4523196833241437,0.12792870057507225
46,0.15779466583827373,0.13428830420732168,0.6646502501794589,0.043266779774945724
47,0.17027517244780022,0.2711756899115232,0.37159279490817426,0.18695634273250228
48,0.20550563028948876,0.372679123495924,0.3172873688296671,0.10452787738492013
49,0.15535484370995975,0.2759104504809067,0.367089936948887,0.20164476886024651
50,0.09677765838209966,0.13888257275616683,0.7150715284673582,0.049268240394375155
51,0.20053078211778716,0.2968768815890715,0.34015820943594044,0.16243412685720085
52,0.08669375521997917,0.1110252950591872,0.7659600872545738,0.036320862466260054
53,0.17270278672768014,0.2884765149888358,0.3404113247222312,0.19840937356125285
54,0.14603449960672366,0.1426356349209797,0.6715148503717141,0.039815015100582545
55,0.18104240888846793,0.27355367793322133,0.3668236652323795,0.17858024794593114
56,0.074440479406764,0.08725407958329603,0.8042483284492848,0.034057112560655065
57,0.2090661873547218,0.2707897520020579,0.3988713411204417,0.1212727195227786
58,0.07527769542881219,0.08864593335489195,0.801503565732625,0.0345728054836709
59,0.20120635329912406,0.2856313603086749,0.3706032701146236,0.14255901627757747
60,0.1053909558235697,0.09060091024560847,0.7781129488703737,0.025895185060447985
61,0.18392316255218583,0.25717929199589334,0.43275744841912345,0.12614009703279738
62,0.12617372111409345,0.21556190986329302,0.3389264429212801,0.3193379261013333
63,0.15880208270031454,0.24173482087843323,0.4817962717551637,0.11766682466608852
64,0.1663838371262014,0.26230826215093667,0.37544893677964275,0.19585896394321914
65,0.1548624367700111,0.2661037454223422,0.3690826975533502,0.2099511202542965
66,0.1780724957139423,0.2702982028701977,0.3864298430751255,0.16519945834073455
67,0.1767246782282426,0.26211364623693334,0.3911658632282947,0.16999581230652935
68,0.3136416372710383,0.3154733978868294,0.2752176983472547,0.09566726649487768
69,0.2282600262140717,0.2681853993495531,0.3622219038864828,0.1413326705498924
70,0.18431916528538583,0.43677095087047163,0.21453204814607407,0.16437783569806846
71,0.20751689017661357,0.27944875872936953,0.3677574124190775,0.14527693867493943
72,0.2279882995540359,0.3469895478487355,0.28612692384245997,0.13889522875476862
73,0.1820178765449372,0.26646573505383364,0.4316261975842744,0.1198901908169547
74,0.1458663676707559,0.24808966018831458,0.412380912632483,0.19366305950844648
75,0.2079129451506694,0.2617188681830112,0.3979804826735627,0.13238770399275673
76,0.11180727529804976,0.3354787265252409,0.22259319325533738,0.330120804921372
77,0.16795534446574523,0.25422153407653836,0.41114948769553755,0.16667363376217886
78,0.1229160399249414,0.24595763857429673,0.48559123546507144,0.1455350860356904
79,0.18739729706125194,0.28787850147539096,0.3890334767463266,0.13569072471703042
80,0.14343295477362472,0.3033439739534639,0.30245197674919605,0.2507710945237154
81,0.15335625951279577,0.25057114943780223,0.4551874815233789,0.140885109526023
82,0.11963794223917378,0.22978115944813204,0.3290119765100538,0.32156892180264035
83,0.17848302832313132,0.27774358664222387,0.3751831734722335,0.1685902115624113
84,0.1443608753891872,0.24974408915621357,0.4608403574869316,0.14505467796766763
85,0.20488322918861543,0.2852588889287315,0.38270499564815774,0.12715288623449528
86,0.17431381953361455,0.3660841225750096,0.34164484796550426,0.11795720992587158
87,0.19265182590211238,0.25569204943425594,0.40360022035927756,0.14805590430435409
88,0.20176226075564224,0.39158136032495655,0.2445730201269213,0.16208335879247993
89,0.20999200254264214,0.2848174788615089,0.3995796729633584,0.10561084563249055
90,0.29003180459206673,0.4006085773992936,0.17869315873678535,0.13066645927185438
91,0.16977795158005207,0.256505675965009,0.4138089067381279,0.15990746571681091
92,0.16538487370163607,0.27992148873771283,0.2401546527881974,0.31453898477245373
93,0.2094100998507685,0.30447682818024757,0.3635287873483548,0.1225842846206291
94,0.23746484473238966,0.2700158893686209,0.36905795696461235,0.12346130893437712
95,0.17869253924958348,0.28557600803560296,0.36822008634985104,0.16751136636496264
96,0.15514961108287045,0.334473869519409,0.21677933366652924,0.29359718573119137
97,0.15423788033200764,0.22322425472751203,0.4616471463775669,0.16089071856291348
98,0.2000476061182328,0.20068030264466555,0.512403099692943,0.08686899154415867
99,0.18043262916100744,0.26649184485717137,0.42475788822681404,0.128317637755007
100,0.08675379331310787,0.18768113958951496,0.5216312563664655,0.20393381073091166
101,0.20189422404004595,0.27232010947441354,0.4044709450174279,0.12131472146811256
102,0.19897063756054745,0.34569344945130787,0.2745544655699189,0.1807814474182258
103,0.16514604412261086,0.27802377928625327,0.3951443059933336,0.16168587059780232
104,0.18845251420288506,0.32247664801699216,0.26716073847958416,0.22191009930053865
105,0.18186301074222286,0.2682220853329607,0.3975399348497409,0.15237496907507544
106,0.0928523664150781,0.13547432530303366,0.7141437702816082,0.057529538000280114
107,0.20901635092170195,0.3059221439530385,0.3600103659151682,0.12505113921009126
108,0.22786328234496758,0.309109469606671,0.3562693813922444,0.10675786665611696
109,0.20269248358394928,0.2863305073507959,0.3860542998305453,0.12492270923470955
110,0.1478189970223917,0.2971827795540346,0.3405981095377889,0.21440011388578484
111,0.18679170838934248,0.2611701224062319,0.4178218804254659,0.1342162887789597
112,0.17377110881992924,0.32949763333050197,0.32649260230518473,0.1702386555443841
113,0.18461431711407833,0.2709392798060795,0.39746574293910447,0.14698066014073774
114,0.2146582603492264,0.3887080391180174,0.20235784081906386,0.19427585971369246
115,0.17694595886557088,0.25448177560324475,0.4202983831109462,0.148273882420238
116,0.08014612113658932,0.10038842772791241,0.7533054708625915,0.0661599802729067
117,0.19488894821458833,0.29609123444912866,0.34200715964502026,0.1670126576912628
118,0.07443488626971556,0.08886006053700518,0.7970174694528825,0.03968758374039653
119,0.19371721259672306,0.2825804922275272,0.3738745047272799,0.14982779044846978
