Group,Excellent ratio,Good ratio,Pass ratio,Fail ratio
0,0.2286299807272046,0.3346655647139929,0.2511871478894703,0.1855173066693322
1,0.18573589582206945,0.26775660750945723,0.3699503793891539,0.17655711727931958
2,0.21610227209217062,0.29966549920007796,0.3106236895834719,0.1736085391242796
3,0.24614886514191128,0.29570656762364345,0.34771471302136836,0.11042985421307673
4,0.17538998018677596,0.371520641481743,0.24563591488284767,0.20745346344863325
5,0.18865098573358055,0.2652174274169734,0.3858949857424976,0.16023660110694857
6,0.19980346900988485,0.2806320576635958,0.3371628443201308,0.1824016290063887
7,0.16720309224242735,0.24919557436950526,0.43336082155400585,0.15024051183406148
8,0.136811713571204,0.14076162154731756,0.6207044691980446,0.10172219568343399
9,0.16638232879990356,0.26804197856764084,0.3802645784414142,0.1853111141910415
10,0.10848204980882535,0.19638714154479525,0.4456529966768104,0.2494778119695691
11,0.15606275946265305,0.24687209973982238,0.42342711039811504,0.17363803039940937
12,0.2227851894951553,0.255911606064214,0.4704690513917859,0.050834153048844775
13,0.15425062590625152,0.2666435019287771,0.3780248025735296,0.2010810695914417
14,0.3353260201510271,0.384592737295155,0.2207054046251164,0.05937583792870156
15,0.18395053551249166,0.25329339619049257,0.44530986101743997,0.11744620727957551
16,0.2387312329166129,0.2740694039540827,0.4383928010285823,0.04880656210072219
17,0.1639531485461743,0.2293386798597954,0.4378276984918641,0.1688804731021663
18,0.17120355454617922,0.19661990963023734,0.572989645170617,0.05918689065296657
19,0.16945806180712364,0.25210698104796975,0.42930760863794687,0.14912734850695983
20,0.17680689265707272,0.30259596352547014,0.3741172732031818,0.14647987061427528
21,0.17747195666497023,0.24653769857308666,0.44574130937897477,0.13024903538296828
22,0.1748381921877537,0.42808902534948073,0.22731110415695477,0.1697616783058104
23,0.16806419078076595,0.24948242328230058,0.43387861770838,0.14857476822855356
24,0.1441567988761049,0.43368096668712963,0.15049848405392063,0.27166375038284457
25,0.17719696593503048,0.2650300523699437,0.40586095438886055,0.15191202730616515
26,0.3065092186049533,0.42255173443056376,0.19381808139615603,0.07712096556832697
27,0.17659675216410656,0.2627329641807085,0.3869121959247876,0.17375808773039758
28,0.3034036835446298,0.4235630147861387,0.19418184812697298,0.07885145354225853
29,0.1810037019937751,0.256456094825865,0.45269490263061163,0.10984530054974821
30,0.1869109461999061,0.22735932550005708,0.47420292988513024,0.1115267984149066
31,0.1837573288638515,0.2909409926647356,0.3564949370446562,0.1688067414267567
32,0.07686654687984447,0.10365216858169571,0.7717351139430455,0.047746170595414084
33,0.173319297296522,0.29043804428904296,0.3832377644310283,0.15300489398340675
34,0.08074259088230638,0.10923958861113361,0.7503807695653986,0.059637050941161535
35,0.18804987793369154,0.2781619630015218,0.397475782148147,0.1363123769166396
36,0.19153963586279749,0.22824489973231682,0.4329736107389421,0.14724185366594333
37,0.16982211227088986,0.2528292765012932,0.438120851665487,0.1392277595623301
38,0.1625790292713981,0.17269741747801057,0.5957919253763955,0.06893162787419578
39,0.18727189411850864,0.2883723028334908,0.3493480502101897,0.17500775283781078
40,0.3967101270897111,0.25192286355188853,0.31532026929453616,0.03604674006386396
41,0.1813319867381681,0.2638129454626327,0.4018093567262841,0.15304571107291504
42,0.16637484935766922,0.22917489100090774,0.5098360932278773,0.09461416641354596
43,0.16465442740798525,0.25027756027531656,0.4246450690698317,0.16042294324686635
44,0.13684341160116037,0.2213427017615317,0.42706929959531126,0.21474458704199675
45,0.16838665762712207,0.24339831148297475,0.4577998513270809,0.13041517956282253
46,0.15973594147001605,0.15364985688859975,0.6410386273096836,0.04557557433170032
47,0.17221616931245387,0.2731432485634593,0.37852616589923543,0.1761144162248515
48,0.16627183232690373,0.33484044817699277,0.33714928850533815,0.1617384309907653
49,0.14289916266225647,0.26970383748801274,0.36499750599734976,0.22239949385238095
50,0.0950662001969321,0.14790098330259968,0.7028465464398499,0.05418627006061793
51,0.19628251252338338,0.27882903440369516,0.36160314955645506,0.16328530351646647
52,0.08952355536622808,0.1277517427630641,0.743283935839095,0.03944076603161215
53,0.16909827936005237,0.28457881534352547,0.35280273093108283,0.19352017436533933
54,0.14252556585268633,0.15183984876408194,0.6527932899896084,0.052841295393623165
55,0.18102441142899317,0.26352833876135817,0.3704165732577494,0.1850306765518991
56,0.083352402398294,0.11431516655047566,0.7577873121503278,0.04454511890090249
57,0.20479059860662827,0.25644577641849886,0.4095577454862459,0.1292058794886268
58,0.08426834105226025,0.11517574141104397,0.7566811207868243,0.043874796749871284
59,0.18297598747783794,0.2788053161999835,0.38130854099676514,0.15691015532541358
60,0.11862094025291042,0.11628119334450644,0.7313318992883459,0.03376596711423732
61,0.17732823519329124,0.2577842420234216,0.4367858966242506,0.12810162615903664
62,0.12311013293134518,0.2339652670217561,0.36623533162350896,0.2766892684233897
63,0.15270391367852545,0.23684206034160302,0.4815204409545166,0.1289335850253549
64,0.15501737305461993,0.22688032362447277,0.4213719040300733,0.19673039929083397
65,0.1613168054999498,0.2641310572153778,0.3699851507148436,0.20456698656982877
66,0.16703552673979646,0.2549409855693207,0.3985548906471732,0.1794685970437097
67,0.1729730463471147,0.26336480631058556,0.40181560683955075,0.1618465405027489
68,0.2707939630818448,0.28672061855510317,0.3210296927895289,0.12145572557352301
69,0.2190697231140983,0.264819585963169,0.3738230980020935,0.1422875929206392
70,0.13315086520464367,0.4013873701232714,0.1908340663977973,0.27462769827428773
71,0.19855160729643873,0.27024831421933504,0.38024316195265456,0.15095691653157162
72,0.24536055301316662,0.31764177521113224,0.25429872143112925,0.182698950344572
73,0.17551827359120561,0.25745628160629613,0.4368563897233453,0.13016905507915297
74,0.12306174596789847,0.2227015950760017,0.45666177230171284,0.19757488665438722
75,0.19223528509978854,0.2568206632008189,0.41214492945664916,0.13879912224274343
76,0.11043704570466353,0.34649284520848994,0.23366501390434927,0.3094050951824972
77,0.16549042388561794,0.25039988953612036,0.4092328091296739,0.17487687744858774
78,0.1232888488960255,0.22405541964147654,0.5113222461641113,0.14133348529838677
79,0.1824304254510377,0.279333572191746,0.39671666228963204,0.14151934006758451
80,0.13460705437571815,0.28314506267200273,0.32806629109122604,0.2541815918610535
81,0.14804490911966753,0.24689014516103325,0.4670023630239999,0.13806258269529922
82,0.11753260683776963,0.21961089534043438,0.36870882299946284,0.29414767482233306
83,0.18935853132091116,0.27792229327494583,0.3683900055987623,0.1643291698053808
84,0.12854763583544318,0.25196222797385465,0.4502553681401741,0.16923476805052814
85,0.20064848042127215,0.27277567958182986,0.39351637683587193,0.1330594631610261
86,0.18536949323323243,0.3376484884779211,0.33494935022440786,0.14203266806443876
87,0.19340709195157438,0.25089001972452435,0.4053342450541038,0.15036864326979738
88,0.19308082838211005,0.3725281200961439,0.25298986184395833,0.18140118967778765
89,0.20339405818984718,0.2728159227590068,0.408740273983813,0.11504974506733295
90,0.25721954744524494,0.39533703749228605,0.19729353255049126,0.15014988251197767
91,0.16681916973668012,0.2540037548252471,0.42094138769542383,0.15823568774264896
92,0.165795851302987,0.305809522266318,0.25183969782003923,0.2765549286106556
93,0.2028734977430848,0.2899713840409814,0.37981814246166506,0.1273369757542688
94,0.22272065238664518,0.2309014573739459,0.3848862363042799,0.16149165393512926
95,0.1799640048377561,0.2725671293102031,0.37763202254777517,0.1698368433042657
96,0.17015353520734844,0.32749731035994584,0.2429919561454704,0.2593571982872354
97,0.16988126592723282,0.23068166675947155,0.4511613579492778,0.14827570936401765
98,0.20012493616514024,0.18512174404231413,0.5063108741882466,0.10844244560429894
99,0.18440715630624058,0.27081504367565745,0.41946079944137293,0.12531700057672893
100,0.1423294402450642,0.21017727605904138,0.49214561987969474,0.15534766381620013
101,0.19471733980035172,0.2708453487948991,0.39809125821587216,0.13634605318887685
102,0.17346312832818986,0.3235327761075334,0.30311810489371077,0.1998859906705661
103,0.1620023191541899,0.2695947615424392,0.4023965758098285,0.1660063434935425
104,0.18052287321529512,0.33888766283769356,0.29378398793778215,0.1868054760092288
105,0.18264047215478932,0.2544636069607151,0.4045863302638321,0.1583095906206636
106,0.09338405944668463,0.1569405624445171,0.6797279710888957,0.0699474070199027
107,0.19187787798839984,0.2948959322783621,0.37107191028635667,0.14215427944688144
108,0.21936519243076405,0.3039597739632631,0.3499645945282524,0.12671043907772056
109,0.20491606777300947,0.2838429963552827,0.3857191633038881,0.1255217725678197
110,0.1332082774957205,0.2832845422649777,0.3570637610998345,0.22644341913946767
111,0.18436809234131385,0.25171221281226136,0.4207269340797102,0.14319276076671456
112,0.20552986955189717,0.317457543415547,0.34217419481642275,0.13483839221613306
113,0.183269432991412,0.25213462766730094,0.4097255527437633,0.15487038659752367
114,0.19900921030130056,0.3803456583184483,0.20702961406758363,0.21361551731266765
115,0.17119577329276084,0.2504977675083606,0.4238068016782286,0.15449965752064992
116,0.08339539835980846,0.1082662447684338,0.742222081976236,0.0661162748955223
117,0.18905750524939807,0.28028588326147447,0.3487187523570895,0.181937859132038
118,0.07993618906901367,0.10501371281586508,0.771299055686261,0.04375104242886034
119,0.1851628393833456,0.28144904436407353,0.3821913008738005,0.15119681537878024
