Group,Excellent ratio,Good ratio,Pass ratio,Fail ratio
0,0.2225546289301185,0.3483791034163837,0.24490862588157097,0.18415764177192692
1,0.17339573927233767,0.252624664655181,0.37955327116471027,0.19442632490777104
2,0.20919446507250744,0.30526299929409,0.3190238399505143,0.16651869568288835
3,0.23406676056575268,0.3005517613712926,0.35094296260343893,0.11443851545951583
4,0.18588905711913323,0.38078166061633634,0.25214801444901264,0.1811812678155179
5,0.18643927220448586,0.2599944397316014,0.39183523013583,0.16173105792808282
6,0.22081660488691945,0.2877739384582432,0.3471254332996736,0.14428402335516366
7,0.17070923651763015,0.25271847792120866,0.4303076923166655,0.14626459324449578
8,0.12071323007051413,0.1279833756890896,0.6320500263080981,0.11925336793229815
9,0.15428048637112102,0.279865975093532,0.36947636539128514,0.19637717314406206
10,0.09646250734775792,0.18488016711678754,0.47123726043879866,0.247420065096656
11,0.1428709439391507,0.25215444450634633,0.4266768076069401,0.17829780394756295
12,0.23388286101238534,0.26455223636072955,0.4640934001249823,0.037471502501902704
13,0.15874630435937603,0.26549134947455016,0.36608016099229923,0.20968218517377443
14,0.3380366673529032,0.40352774994806173,0.22782115273398318,0.03061442996505182
15,0.18449788866823727,0.25498970906458085,0.4420057758994988,0.11850662636768297
16,0.24239614642268348,0.2791141166657578,0.4524849123177235,0.026004824593835258
17,0.16307352669784778,0.20925837258674143,0.4499707453657132,0.1776973553496977
18,0.18253448967654706,0.19599358452780577,0.5649452568803655,0.0565266689152814
19,0.17416960623496178,0.25778851482978604,0.4251343109733026,0.14290756796194956
20,0.16396225458474423,0.3270499116572099,0.3398286661484341,0.16915916760961178
21,0.18203531868502748,0.23993481697039154,0.455655259215886,0.1223746051286951
22,0.19316067446072244,0.4936776532374717,0.1988996568463149,0.11426201545549095
23,0.16660961836925636,0.23382671132849062,0.4377530135316293,0.1618106567706237
24,0.13665585504046956,0.46258962325370356,0.14336654433931287,0.257387977366514
25,0.17511654089286552,0.2533997745994193,0.4251382547806045,0.1463454297271106
26,0.31549365960715325,0.4060641576658822,0.2204119457744911,0.058030236952473196
27,0.17033568336466762,0.25252350901743265,0.375945311142333,0.20119549647556684
28,0.3120839770631776,0.39634296042240874,0.23342157038341693,0.058151492130996435
29,0.18024812559697093,0.2574117713629209,0.4666870817559128,0.09565302128419542
30,0.18365686743316612,0.214821790391518,0.4534040851609921,0.1481172570143236
31,0.19178763952368552,0.28204478492597335,0.3528139804169672,0.1733535951333739
32,0.07332161000401585,0.08374384960942853,0.7763337037824529,0.06660083660410285
33,0.1771245935750623,0.27595443326455105,0.39725981734121435,0.14966115581917244
34,0.07993714390733249,0.10008539416062699,0.7523315795366604,0.06764588239538036
35,0.189873992188431,0.2749700463083601,0.38302598660271847,0.15212997490049046
36,0.20919418452401506,0.24805535203582604,0.4396061338462991,0.10314432959385984
37,0.17162318519535494,0.2450468245424701,0.4458423204041789,0.1374876698579961
38,0.1552418688267408,0.1668441167689981,0.5709915622609565,0.10692245214330458
39,0.17790956991075604,0.29025700441908564,0.34081400199452916,0.19101942367562916
40,0.41655038153035734,0.2383236791309967,0.3165771513260702,0.028548788012575817
41,0.18341272435705702,0.2497206952146608,0.41260171288617903,0.15426486754210303
42,0.18262278726978362,0.25686269177961224,0.46656421216195587,0.09395030878864798
43,0.1822121452547703,0.2297852597808426,0.4215030139938387,0.16649958097054843
44,0.1513616866302491,0.17949893537956846,0.4230951585871036,0.24604421940307872
45,0.16274544964534532,0.23761916578969258,0.47758028027704996,0.12205510428791211
46,0.14048720942240578,0.12192501415514954,0.6893693001097703,0.048218476312674105
47,0.17127715533626472,0.25083114391828565,0.38551504340703113,0.19237665733841852
48,0.18295094637409776,0.3528834786995539,0.33344017830285444,0.13072539662349428
49,0.14152845757104304,0.2700344507424497,0.3733796646926594,0.21505742699384778
50,0.10450062081613078,0.1488084513223496,0.683587945048867,0.06310298281265246
51,0.1913665727722814,0.27492940550349265,0.37269004221052277,0.16101397951370316
52,0.09689014150782128,0.11912817083865536,0.7445262392949132,0.03945544835860998
53,0.15713010309640313,0.2764304558338878,0.3516979504522669,0.21474149061744208
54,0.15392170882344358,0.1498564132798834,0.6648486308342432,0.03137324706242983
55,0.1782796692927512,0.2618689800758408,0.3689629779257381,0.19088837270567002
56,0.08873367077248043,0.10637942394043678,0.7430578890592233,0.06182901622785954
57,0.20440487659052198,0.2503284369922524,0.4045740426531798,0.14069264376404583
58,0.07908014119341397,0.08636384456312417,0.790904558628991,0.04365145561447056
59,0.18159304816856975,0.2919730652458522,0.37046119590902876,0.15597269067654942
60,0.12312073770018618,0.10209606267686383,0.7475070711888702,0.0272761284340795
61,0.18038738462572548,0.26137094220894624,0.43734707994950706,0.1208945932158212
62,0.11580886193883946,0.23590217383851175,0.3900898741000755,0.25819909012257314
63,0.15178400023946526,0.22855507248195925,0.494591400646763,0.12506952663181273
64,0.16138822146837323,0.2168518462637028,0.42316753688222897,0.19859239538569487
65,0.1592591405857957,0.25503342740195833,0.36474398862967017,0.2209634433825758
66,0.16977730730560917,0.2647108766615363,0.36872254283494565,0.196789273197909
67,0.17504027397180102,0.26132346688819685,0.395840064039618,0.16779619510038382
68,0.2662314715046674,0.2921965885755204,0.3181418503749387,0.12343008954487353
69,0.2215246999180554,0.25581362772875404,0.36435603299577857,0.15830563935741196
70,0.1076755265019172,0.397815809042608,0.1752325617802052,0.31927610267527
71,0.19993405310462575,0.26916340897350827,0.36940972310011516,0.16149281482175085
72,0.23778762628154712,0.3108056050365643,0.24847680569235314,0.2029299629895355
73,0.18416557244914616,0.2528070987898873,0.4286183575845015,0.134408971176465
74,0.11821690539503107,0.22041575198309218,0.46538611646533856,0.1959812261565382
75,0.20190787143172703,0.2537037996321857,0.42693442207879384,0.11745390685729334
76,0.1007076023590492,0.30847155577260676,0.20808369895692796,0.38273714291141603
77,0.15814455185396034,0.24788227890889888,0.4121895975947682,0.18178357164237263
78,0.11299942391666257,0.2426835876995418,0.5081925682027928,0.13612442018100301
79,0.19514538688737698,0.2759907689171331,0.38269692645755166,0.14616691773793844
80,0.11268065334912594,0.29134548678232536,0.33218689467831775,0.263786965190231
81,0.1425044852078865,0.2550151349729939,0.4574943758422749,0.1449860039768448
82,0.10197665059337244,0.1992162614241785,0.38948015744097503,0.30932693054147403
83,0.1937708834474722,0.27103182814032606,0.366314864127608,0.16888242428459393
84,0.12263542915881392,0.24116093914727238,0.4461283840083697,0.19007524768554415
85,0.21149215073275662,0.2744267325961597,0.38972871944683546,0.1243523972242481
86,0.19643620988229443,0.30987049807854367,0.35531755117998093,0.13837574085918092
87,0.18218844927715822,0.2412582911048159,0.42325573217766044,0.1532975274403656
88,0.2050582960359455,0.3456293390872443,0.2553050850886118,0.19400727978819823
89,0.19940265792441522,0.27112424320728024,0.41139688653621087,0.11807621233209357
90,0.24153382099763504,0.41837596357852674,0.17783865711506977,0.16225155830876808
91,0.17110310605548498,0.2589239112214152,0.411464679299484,0.15850830342361572
92,0.1846067763029458,0.30516888386562635,0.21709069485485397,0.2931336449765738
93,0.20565572067475846,0.2882282267096674,0.37580341471125805,0.13031263790431602
94,0.24063848579907243,0.21763355381825922,0.37040088053539305,0.17132707984727527
95,0.18114138394828042,0.2593949252462988,0.3653735711721538,0.1940901196332668
96,0.15434162167613244,0.30100924894071834,0.24086182441063442,0.3037873049725146
97,0.16595200964724596,0.2159510528313378,0.4604141348402165,0.1576828026811999
98,0.18176222870282122,0.16914005125072623,0.557557320454393,0.09154039959205963
99,0.17686530240337356,0.295496252939544,0.4067626024688487,0.12087584218823354
100,0.10027705540591478,0.14484342112072682,0.5360005906858178,0.2188789327875409
101,0.1971371299009044,0.26547061387810716,0.39433756469123943,0.14305469152974895
102,0.19714464022675243,0.3222399419817159,0.3133408590444214,0.16727455874711045
103,0.15232682674154946,0.2734805141293646,0.40881647063304455,0.16537618849604158
104,0.19199328579777744,0.3351323905536365,0.27584351957802095,0.197030804070565
105,0.18454165334438122,0.25415215906638083,0.4186320002879561,0.14267418730128203
106,0.08204392720671187,0.11674303060873005,0.7446880707422912,0.05652497144226658
107,0.20307394262934825,0.2865177898289588,0.3704006099641384,0.1400076575775545
108,0.21308119847853868,0.28859969336049124,0.3583093232223855,0.14000978493858451
109,0.20035019883825547,0.288827275115378,0.38368672013158417,0.12713580591478235
110,0.1450402917577851,0.2673623408859247,0.32502244004020203,0.2625749273160881
111,0.18539037337037467,0.2405952685752325,0.431246892156029,0.14276746589836375
112,0.1862549972009802,0.33054928971103387,0.3469847422321143,0.13621097085587175
113,0.1787124769755767,0.2489274130836526,0.4256140406683863,0.14674606927238434
114,0.23627289345709912,0.3776656691715138,0.19209892632681416,0.19396251104457288
115,0.1736969965359652,0.24291806876295763,0.43223777182690165,0.15114716287417562
116,0.09046613551649213,0.10556448885490907,0.7278967145107184,0.07607266111788068
117,0.1982637700353452,0.2638520929622525,0.36092497701813414,0.1769591599842681
118,0.08229039947010863,0.08693419136463777,0.7790838383445197,0.0516915708207341
119,0.18807114315978737,0.2691217541391932,0.3933811166055404,0.14942598609547894
