Group,Excellent ratio,Good ratio,Pass ratio,Fail ratio
0,0.22902584884679336,0.3362023378594432,0.2500038764947962,0.1847679367989672
1,0.1838308334769572,0.266653002833893,0.3716610985927769,0.17785506509637283
2,0.21717090897766567,0.2984819272929872,0.3138520422091233,0.17049512152022386
3,0.24639368103294856,0.29616722309751053,0.3482002171583265,0.10923887871121452
4,0.17679131626659422,0.3746631724920439,0.24355925253530963,0.2049862587060522
5,0.18820913873531192,0.26503191718334784,0.3878230593392508,0.15893588474208947
6,0.20509171735429008,0.2803649069839655,0.3413300980159115,0.17321327764583308
7,0.16788540535042076,0.24957171049040994,0.4325791917598801,0.1499636923992893
8,0.13681856095115463,0.13790082536160025,0.621961379070587,0.10331923461665793
9,0.16545742254896265,0.26801692467193755,0.3782355215431758,0.18829013123592403
10,0.10602908048471829,0.19150624970512037,0.4516318112340503,0.25083285857611115
11,0.15411742115444327,0.24803562189158146,0.42303738485945497,0.1748095720945203
12,0.22157362304276026,0.26073998277483107,0.47144663633892214,0.04623975784348694
13,0.15452516371886496,0.265614566380371,0.3778109715947002,0.20204929830606388
14,0.33409575138713343,0.3974224936034538,0.21603032451407667,0.05245143049533643
15,0.18373497043484138,0.2539051127042137,0.44413563809859924,0.11822427876234569
16,0.2382732064404758,0.2827611817212637,0.4348077491938134,0.044157862644447564
17,0.16200952325407403,0.22721468518212723,0.4403382685483209,0.17043752301547765
18,0.1751108308755983,0.19705062961936007,0.5693512384084188,0.058487301096623076
19,0.16914224129673147,0.25231867651335166,0.43042853394563835,0.14811054824427855
20,0.1798562335568503,0.3042856360383197,0.3743166896638172,0.14154144074101274
21,0.1776364032223183,0.2456849692857023,0.4476906481757867,0.1289879793161927
22,0.17544015630470458,0.43838897783781283,0.22690971659117604,0.15926114926630666
23,0.16683423313585308,0.2491914207348127,0.43526937272741084,0.14870497340192335
24,0.14206270495327206,0.44100464093543146,0.1527374566696547,0.2641951974416415
25,0.17592633364687774,0.26460957801217083,0.4080888111495111,0.15137527719144034
26,0.30614483387505836,0.43001273985581057,0.1926327081521524,0.07120971811697828
27,0.1759777139320734,0.2614009959246235,0.3861529101530659,0.17646837999023718
28,0.3030877884641075,0.43102219224398963,0.19310215227834038,0.07278786701356238
29,0.18133825243462215,0.25704635470424636,0.45280095735281833,0.10881443550831324
30,0.18600162594156797,0.22557692247981698,0.4792170278035024,0.10920442377511269
31,0.18353825505911053,0.2906976929980165,0.35557898308421665,0.17018506885865636
32,0.07556319484846158,0.09906724700295089,0.7795664435789658,0.04580311456962189
33,0.172927076209074,0.2903691846691836,0.3838159608868515,0.15288777823489097
34,0.07872815400611997,0.10448162185319712,0.7593849320908302,0.057405292049853084
35,0.1879949698762787,0.27951153899805253,0.3966559972410245,0.1358374938846444
36,0.1923867742137869,0.22566293635437995,0.44415017327380946,0.13780011615802382
37,0.16888723889028764,0.253653433596151,0.4405944471521851,0.13686488036137615
38,0.16313585098816963,0.16806965243349517,0.6018437352112533,0.06695076136708178
39,0.1872995451126223,0.2881249998043043,0.347753888681089,0.17682156640198446
40,0.40283442315670936,0.2508569031220142,0.3126843820047565,0.033624291716519705
41,0.1808572060383586,0.26271383032298146,0.4037577497412046,0.15267121389745508
42,0.1662331136883601,0.2336661471238983,0.503115616272074,0.09698512291566791
43,0.1637013986456313,0.24999460145005797,0.4262685250748223,0.1600354748294885
44,0.1327543051001362,0.21570123858470464,0.42967775086580695,0.2218667054493521
45,0.16824677043917838,0.24294525691367386,0.45885981773624934,0.1299481549108982
46,0.15823710185408224,0.15119351904358538,0.6462805221288389,0.04428885697349345
47,0.17086417406171656,0.2718482438142756,0.37881724786809434,0.17847033425591363
48,0.16575661509109968,0.3453488660438162,0.32864006038841814,0.1602544584766662
49,0.14144872379174775,0.269317816560088,0.36443209855125985,0.22480136109690435
50,0.09340349533666106,0.14781072410178292,0.703787349060757,0.05499843150079874
51,0.19683478007983773,0.2800526218734328,0.35948910852322813,0.16362348952350128
52,0.08868016325225128,0.12572692637640928,0.7456367794192812,0.03995613095205794
53,0.16730833317332242,0.2844713789861789,0.35308263187454936,0.1951376559659494
54,0.14177076706396424,0.15032242919746902,0.6582234536458198,0.04968335009274706
55,0.18015159926564217,0.26388273719805183,0.3704965423741717,0.18546912116213451
56,0.08110929510269158,0.10956781181087603,0.7649903832573791,0.04433250982905294
57,0.20572803893284927,0.25552130339815843,0.41062666520220653,0.12812399246678588
58,0.08260961887079599,0.11081986676550028,0.7632287399273433,0.043341774436360184
59,0.18245733962395252,0.27809349314623605,0.3815370507896018,0.15791211644020994
60,0.11647814660287013,0.11288548215519051,0.7379962244263437,0.032640146815595523
61,0.178004015045573,0.2585457517060493,0.4371364359870208,0.12631379726135677
62,0.12066866492462189,0.23487760359172224,0.3657324105857389,0.2787213208979169
63,0.15200823469420047,0.23646108550825926,0.4838080685770255,0.1277226112205148
64,0.15693541176574655,0.22204472560686075,0.42401634843971364,0.1970035141876791
65,0.161118690827966,0.2612671063899066,0.36930575918500297,0.20830844359712455
66,0.16767195112300073,0.2553496762108255,0.3982515355434312,0.17872683712274257
67,0.1716680815191838,0.26369973198275853,0.4008696421274097,0.16376254437064788
68,0.27398670105062795,0.2856717132356046,0.31718081318698516,0.12316077252678255
69,0.21986861912618413,0.2632718027292845,0.37501796703427176,0.14184161111025978
70,0.1264027136413779,0.4019868017412668,0.18806843376554375,0.2835420508518118
71,0.1991196043511671,0.27098003243309277,0.37993831239857423,0.14996205081716601
72,0.2463712448765708,0.31713294204356174,0.25502208071755184,0.18147373236231565
73,0.17557227649244822,0.2572094857174737,0.4389535533162715,0.12826468447380646
74,0.1222494678444495,0.22089818765957486,0.45776285105543457,0.1990894934405409
75,0.19339987900912994,0.25613298958466363,0.41472905677400035,0.13573807463220622
76,0.10683501561674812,0.3374193503010533,0.2267946824614605,0.3289509516207382
77,0.1663149178881629,0.2504704325484803,0.4097789732271901,0.17343567633616674
78,0.12256442124134045,0.22882729748394945,0.5036106413922203,0.1449976398824896
79,0.18278230495869657,0.2787757363025876,0.39659544884344966,0.14184650989526618
80,0.13417089537620813,0.28765073696299903,0.3167941257231232,0.2613842419376694
81,0.1459192865236832,0.24665032994863728,0.46821290064172066,0.1392174828859589
82,0.11435031156573786,0.21693409495854327,0.37045673203267654,0.29825886144304253
83,0.18829799945270498,0.2770026506374479,0.36979675382424404,0.1649025960856031
84,0.1290316613722627,0.251944186254187,0.45134858752784657,0.1676755648457038
85,0.20207705137599205,0.2742935866220018,0.39184101203619354,0.13178834996581246
86,0.18189211209752584,0.3367135041568277,0.3401447002795834,0.141249683466063
87,0.1937234413392363,0.24941300992421428,0.4067209069384039,0.15014264179814568
88,0.19251001949897922,0.3719586530670276,0.2545723909229763,0.18095893651101694
89,0.20201929941862595,0.27227115948824443,0.4096555892327853,0.11605395186034428
90,0.25516222188709253,0.4023594846980129,0.1950493180225593,0.14742897539233496
91,0.16646065000886345,0.2541839651201996,0.4196461631654039,0.159709221705533
92,0.16574559720708656,0.30410451428503243,0.24683411866863947,0.2833157698392415
93,0.20364993520552502,0.2906058206714407,0.37807412066147383,0.12767012346156065
94,0.22281882530254107,0.22924161043225694,0.38778942989972004,0.16015013436548226
95,0.1796541772809574,0.27306753259382843,0.375555887666698,0.17172240245851614
96,0.16656070593433603,0.32615413246342123,0.24133025429242697,0.2659549073098158
97,0.17080277150466042,0.22937362056672472,0.4520575749190307,0.14776603300958396
98,0.19831404518636597,0.1811174058307401,0.5139517543571798,0.10661679462571415
99,0.1845722936342986,0.2723183215006341,0.4191281386425451,0.12398124622252224
100,0.1402934569135019,0.20880086578534532,0.4988436544393013,0.15206202286185172
101,0.19507199950774357,0.27014161827367533,0.3985062345822827,0.1362801476362984
102,0.17169056489954607,0.3277054725588322,0.3026098440779536,0.1979941184636683
103,0.1608357938711978,0.2697856530491166,0.40436674415910184,0.16501180892058373
104,0.18101029721342388,0.33920719306024283,0.29019100502751954,0.1895915046988136
105,0.1823723982582413,0.256295746486013,0.406150490279363,0.1551813649763826
106,0.09279881894953265,0.1497772109658293,0.6910618825609279,0.06636208752370996
107,0.1924944600738614,0.29564704446426526,0.3706531438175717,0.1412053516443017
108,0.22200533708991055,0.3037820931831826,0.3499519462200086,0.12426062350689841
109,0.20464845050267638,0.28470810811576014,0.38568173843094955,0.12496170295061387
110,0.13389134908290853,0.2843289027188321,0.35278101349166413,0.22899873470659549
111,0.18482269185574157,0.25036889507404103,0.42215145958856104,0.14265695348165616
112,0.20331546743841933,0.320891042288461,0.3431306702432101,0.13266282002990948
113,0.18424550318887298,0.25141966584470354,0.4119867117117873,0.1523481192546359
114,0.2015794863567286,0.38183608378327355,0.2069816233253041,0.20960280653469396
115,0.1715217964486801,0.25081146357515766,0.4224065132364572,0.1552602267397051
116,0.08185350136294205,0.10472137788079848,0.7470697264473971,0.06635539430886223
117,0.18906550073441994,0.2807015324630664,0.3508131665495183,0.17941980025299528
118,0.0783498649749839,0.09994801100519485,0.7792526133933838,0.04244951062643748
119,0.18605886046474002,0.28023657114976497,0.3818455806243381,0.15185898776115703
